 	POSITION_T (sec)	Y(micron)	X(micron)	Z(micron)
1	0	7.109	3.360	9.547
2	10	7.036	3.349	9.602
3	20	6.995	3.337	9.744
4	30	6.910	3.315	9.820
5	40	6.895	3.316	9.980
6	50	6.877	3.324	10.045
7	60	7.365	3.707	10.124
8	70	6.995	3.473	10.229
9	80	7.009	3.514	10.255
10	90	7.006	3.502	10.461
11	100	6.904	3.505	10.521
12	110	6.883	3.516	10.532
13	120	6.855	3.494	10.694
14	130	6.856	3.538	10.731
15	140	6.769	3.550	10.762
16	150	7.011	3.765	10.747
17	160	6.865	3.699	10.856
18	170	6.864	3.720	10.963
19	180	6.779	3.740	11.045
20	190	6.735	3.749	11.035
21	200	6.657	3.747	11.075
22	210	6.645	3.751	11.275
23	220	6.629	3.781	11.291
24	230	6.800	3.955	11.457
25	240	6.612	3.885	11.463
26	250	6.612	3.919	11.472
27	260	6.588	3.952	11.525
28	270	6.519	3.946	11.601
29	280	6.480	3.965	11.689
30	290	6.411	3.978	11.757
31	300	6.723	4.209	11.826
32	310	6.411	4.098	11.838
33	320	6.410	4.119	11.835
34	330	6.400	4.122	11.994
35	340	6.374	4.142	12.006
36	350	6.367	4.152	12.208
37	360	6.360	4.186	12.055
38	370	6.448	4.315	12.243
39	380	6.358	4.283	12.239
40	390	6.266	4.301	12.269
41	400	6.288	4.317	12.363
42	410	6.280	4.324	12.484
43	420	6.233	4.335	12.498
44	430	6.237	4.391	12.543
45	440	6.290	4.450	12.550
46	450	6.234	4.454	12.575
47	460	6.232	4.488	12.561
48	470	6.222	4.499	12.715
49	480	6.153	4.515	12.760
50	490	6.144	4.516	12.792
51	500	6.129	4.545	12.804
52	510	6.140	4.572	12.925
53	520	6.145	4.622	12.953
54	530	6.127	4.630	13.014
55	540	6.117	4.648	13.033
56	550	6.114	4.668	13.038
57	560	6.111	4.670	13.209
58	570	6.055	4.696	13.216
59	580	6.022	4.718	13.242
60	590	6.110	4.774	13.281
61	600	6.015	4.794	13.277
62	610	6.016	4.784	13.459
63	620	5.997	4.816	13.323
64	630	5.995	4.832	13.351
65	640	5.978	4.834	13.462
66	650	5.999	4.927	13.296
67	660	5.987	4.955	13.320
68	670	5.920	4.968	13.317
69	680	5.901	4.981	13.451
70	690	5.892	4.990	13.469
71	700	5.884	5.006	13.493
72	710	5.873	5.012	13.527
73	720	5.872	5.059	13.527
74	730	5.871	5.106	13.567
75	740	5.784	5.119	13.576
76	750	5.770	5.110	13.597
77	760	5.757	5.127	13.706
78	770	5.744	5.131	13.735
79	780	5.733	5.167	13.741
80	790	5.638	5.204	13.725
81	800	5.621	5.280	13.717
82	810	5.629	5.307	13.736
83	820	5.594	5.334	13.742
84	830	5.536	5.356	13.764
85	840	5.527	5.370	13.777
86	850	5.512	5.388	13.795
87	860	5.505	5.401	13.793
88	870	5.517	5.453	13.847
89	880	5.505	5.492	13.819
90	890	5.491	5.474	13.975
91	900	5.474	5.493	13.973
92	910	5.476	5.507	14.008
93	920	5.398	5.521	13.992
94	930	5.481	5.563	14.040
95	940	5.473	5.610	14.019
96	950	5.394	5.630	14.030
97	960	5.373	5.636	14.025
98	970	5.373	5.653	14.054
99	980	5.365	5.659	14.064
100	990	5.266	5.673	14.055
101	1000	5.360	5.725	14.097
102	1010	5.373	5.750	14.219
103	1020	5.275	5.760	14.207
104	1030	5.270	5.778	14.209
105	1040	5.265	5.777	14.245
106	1050	5.258	5.787	14.269
107	1060	5.333	5.830	14.327
108	1070	5.347	5.748	14.340
109	1080	5.276	5.367	14.292
110	1090	5.222	4.973	14.307
111	1100	5.139	4.504	14.237
112	1120	5.029	3.626	14.300
113	1130	5.021	3.203	14.441
114	1140	5.507	3.612	14.561
115	1150	5.296	3.441	14.486
116	1160	5.268	3.414	14.513
117	1170	5.237	3.372	14.526
118	1180	5.126	3.342	14.559
119	1190	5.119	3.350	14.501
120	1200	5.111	3.384	14.550
121	1210	5.024	3.384	14.529
122	1220	5.009	3.405	14.547
123	1230	4.997	3.493	14.562
124	1240	5.232	3.622	14.534
125	1250	5.240	3.666	14.544
126	1260	5.143	3.605	14.727
127	1270	5.041	3.589	14.722
128	1280	4.995	3.600	14.746
129	1290	4.962	3.580	14.792
130	1300	4.973	3.628	14.716
131	1310	4.889	3.641	14.783
132	1320	4.877	3.716	14.779
133	1330	5.012	3.801	14.780
134	1340	5.091	3.841	14.793
135	1350	4.993	3.849	14.805
136	1360	4.912	3.839	14.787
137	1370	4.874	3.801	14.992
138	1380	4.853	3.820	14.964
139	1390	4.862	3.811	14.979
140	1400	4.779	3.857	14.850
141	1410	4.758	3.863	14.996
142	1420	4.981	4.018	15.030
143	1430	4.886	3.990	15.011
144	1440	4.861	3.994	15.017
145	1450	4.783	3.993	15.050
146	1460	4.766	3.997	15.048
147	1470	4.758	4.014	15.066
148	1480	4.751	4.021	15.044
149	1490	4.747	4.017	15.061
150	1500	4.739	4.116	15.086
151	1510	4.769	4.166	15.047
152	1520	4.760	4.185	15.109
153	1530	4.752	4.182	15.053
154	1540	4.749	4.167	15.231
155	1550	4.745	4.174	15.246
156	1560	4.723	4.198	15.220
157	1570	4.706	4.186	15.297
158	1580	4.707	4.200	15.285
159	1590	4.765	4.411	15.061
160	1600	4.720	4.320	15.233
161	1610	4.728	4.323	15.207
162	1620	4.720	4.341	15.283
163	1630	4.718	4.338	15.313
164	1640	4.665	4.350	15.300
165	1650	4.716	4.350	15.333
166	1660	4.652	4.353	15.319
167	1670	4.755	4.527	15.296
168	1680	4.651	4.473	15.249
169	1690	4.719	4.484	15.291
170	1700	4.654	4.472	15.330
171	1710	4.652	4.485	15.307
172	1720	4.618	4.513	15.290
173	1730	4.626	4.509	15.288
174	1740	4.621	4.521	15.277
175	1750	4.606	4.537	15.284
176	1760	4.618	4.637	15.271
177	1770	4.606	4.639	15.257
178	1780	4.619	4.645	15.296
179	1790	4.616	4.652	15.291
180	1800	4.613	4.665	15.289
181	1810	4.556	4.689	15.349
182	1820	4.511	4.681	15.278
183	1830	4.499	4.796	15.023
184	1840	4.496	4.792	15.232
185	1850	4.502	4.811	15.235
186	1860	4.495	4.804	15.229
187	1870	4.420	4.825	15.246
188	1880	4.416	4.847	15.224
189	1890	4.400	4.882	15.091
190	1900	4.433	4.944	15.232
191	1910	4.394	4.961	15.227
192	1920	4.380	5.001	15.221
193	1930	4.354	5.012	15.203
194	1940	4.263	5.053	15.055
195	1950	4.266	5.031	15.208
196	1960	4.270	5.051	15.222
197	1970	4.346	5.122	15.237
198	1980	4.347	5.125	15.254
199	1990	4.356	5.139	15.253
200	2000	4.359	5.150	15.248
201	2010	4.356	5.155	15.239
202	2020	4.357	5.162	15.264
203	2030	4.264	5.187	15.229
204	2040	4.268	5.211	15.212
205	2050	4.266	5.246	15.230
206	2060	4.256	5.251	15.229
207	2070	4.251	5.269	15.224
208	2080	4.254	5.279	15.231
209	2090	4.258	5.295	15.239
210	2100	4.272	5.344	15.205
211	2110	4.254	5.356	15.092
212	2120	4.263	5.357	15.205
213	2130	4.251	5.376	15.202
214	2140	4.259	5.373	15.207
215	2150	4.255	5.393	15.206
216	2160	4.263	5.425	15.214
217	2170	4.252	5.473	15.042
218	2180	4.218	5.471	15.067
219	2190	4.232	5.482	15.080
220	2200	4.238	5.507	15.074
221	2210	4.238	5.524	15.069
222	2220	4.244	5.519	15.226
223	2230	4.259	5.580	15.121
224	2240	4.231	5.581	15.094
225	2250	4.228	5.596	15.073
226	2260	4.162	5.610	15.044
227	2270	4.156	5.621	15.052
228	2280	4.145	5.643	15.071
229	2290	4.183	5.688	15.135
230	2300	4.167	5.722	15.041
231	2310	4.142	5.734	15.049
232	2320	4.124	5.760	15.043
233	2330	4.125	5.758	15.044
234	2340	4.123	5.755	15.037
235	2350	4.120	5.786	15.034
236	2360	4.104	5.836	14.982
237	2370	4.020	5.883	14.962
238	2380	4.001	5.905	14.803
239	2390	3.989	5.894	14.949
240	2400	4.003	5.912	14.970
241	2410	4.000	5.942	14.933
242	2420	4.001	5.926	14.968
243	2430	4.017	5.965	14.970
244	2440	4.012	6.012	14.991
245	2450	4.005	6.027	14.973
246	2460	3.994	6.034	14.982
247	2470	3.997	6.044	14.991
248	2480	3.995	6.041	15.007
249	2490	3.985	6.043	15.003
250	2500	3.996	6.104	15.015
251	2510	3.982	6.138	14.986
252	2520	3.986	6.147	14.980
253	2530	3.903	6.139	14.969
254	2540	3.895	6.171	14.821
255	2550	3.895	6.156	14.987
256	2560	3.897	6.179	14.980
257	2570	3.991	6.237	14.960
258	2580	4.000	6.263	15.002
259	2590	3.975	6.122	15.004
260	2600	3.879	5.793	15.030
261	2610	3.849	5.406	15.056
262	2620	3.759	5.062	14.933
263	2630	3.763	4.605	15.268
264	2640	3.768	4.212	15.001
265	2650	3.755	3.907	15.016
266	2660	3.761	3.882	15.015
267	2670	3.755	3.855	15.019
268	2680	3.755	3.861	15.013
269	2690	3.760	3.871	15.017
270	2700	3.798	3.953	14.974
271	2710	3.862	3.975	15.026
272	2720	3.864	3.991	14.979
273	2730	3.866	4.005	15.020
274	2740	3.858	4.014	15.033
275	2750	3.858	4.031	14.995
276	2760	3.769	4.045	14.985
277	2770	3.766	4.040	14.985
278	2780	3.896	4.214	14.832
279	2790	3.880	4.172	14.964
280	2800	3.881	4.187	14.970
281	2810	3.884	4.222	14.814
282	2820	3.875	4.231	14.817
283	2830	3.871	4.227	14.971
284	2840	3.861	4.237	14.982
285	2850	3.850	4.247	14.954
286	2860	3.815	4.316	14.947
287	2870	3.848	4.358	14.938
288	2880	3.785	4.367	14.795
289	2890	3.770	4.404	14.806
290	2900	3.756	4.399	14.776
291	2910	3.758	4.398	14.960
292	2920	3.750	4.433	14.802
293	2930	3.748	4.448	14.866
294	2940	3.820	4.563	14.886
295	2950	3.741	4.544	14.973
296	2960	3.707	4.576	14.852
297	2970	3.705	4.571	14.930
298	2980	3.665	4.605	14.818
299	2990	3.719	4.603	14.854
300	3000	3.659	4.611	14.965
301	3010	3.627	4.633	14.813
302	3020	3.653	4.760	14.826
303	3030	3.640	4.746	14.809
304	3040	3.650	4.756	14.828
305	3050	3.641	4.767	14.817
306	3060	3.625	4.780	14.799
307	3070	3.610	4.798	14.791
308	3080	3.622	4.811	14.785
309	3090	3.628	4.781	14.994
310	3100	3.731	4.911	14.822
311	3110	3.643	4.889	14.825
312	3120	3.638	4.895	14.972
313	3130	3.648	4.901	14.977
314	3140	3.643	4.908	14.984
315	3150	3.630	4.938	14.805
316	3160	3.637	4.912	14.980
317	3170	3.638	4.926	14.990
318	3180	3.734	5.017	14.986
319	3190	3.644	5.014	14.964
320	3200	3.646	5.033	14.968
321	3210	3.727	5.041	14.958
322	3220	3.641	5.047	14.984
323	3230	3.644	5.045	14.972
324	3240	3.648	5.056	14.966
325	3250	3.734	5.129	14.970
326	3260	3.733	5.133	14.968
327	3270	3.745	5.155	14.956
328	3280	3.748	5.153	14.971
329	3290	3.736	5.163	14.965
330	3300	3.682	5.193	14.870
331	3310	3.646	5.180	14.784
332	3320	3.736	5.254	14.809
333	3330	3.746	5.277	14.730
334	3340	3.753	5.286	14.782
335	3350	3.756	5.302	14.760
336	3360	3.743	5.320	14.786
337	3370	3.754	5.343	14.781
338	3380	3.723	5.339	14.776
339	3390	3.659	5.354	14.803
340	3400	3.655	5.371	14.788
341	3410	3.732	5.425	14.762
342	3420	3.733	5.432	14.751
343	3430	3.707	5.451	14.763
344	3440	3.651	5.477	14.771
345	3450	3.641	5.482	14.761
346	3460	3.627	5.487	14.728
347	3470	3.636	5.503	14.751
348	3480	3.629	5.560	14.760
349	3490	3.631	5.591	14.720
350	3500	3.612	5.603	14.699
351	3510	3.605	5.634	14.576
352	3520	3.615	5.643	14.574
353	3530	3.618	5.642	14.727
354	3540	3.622	5.655	14.738
355	3550	3.558	5.691	14.671
356	3560	3.513	5.736	14.562
357	3570	3.504	5.752	14.558
358	3580	3.507	5.766	14.566
359	3590	3.513	5.764	14.710
360	3600	3.515	5.769	14.705
361	3610	3.506	5.787	14.740
362	3620	3.518	5.855	14.572
363	3630	3.508	5.843	14.554
364	3640	3.511	5.861	14.566
365	3650	3.517	5.858	14.693
366	3660	3.508	5.881	14.580
367	3670	3.513	5.883	14.573
368	3680	3.518	5.918	14.557
369	3690	3.556	5.941	14.624
370	3700	3.517	5.962	14.564
371	3710	3.520	5.968	14.546
372	3720	3.520	5.982	14.575
373	3730	3.509	5.990	14.553
374	3740	3.517	5.996	14.583
375	3750	3.504	6.013	14.522
376	3760	3.513	6.061	14.521
377	3770	3.536	6.078	14.566
378	3780	3.526	6.093	14.503
379	3790	3.523	6.117	14.502
380	3800	3.511	6.105	14.512
381	3810	3.516	6.107	14.560
382	3820	3.523	6.156	14.501
383	3830	3.609	6.151	14.473
384	3840	3.575	6.195	14.227
385	3850	3.554	6.196	14.271
386	3860	3.536	6.229	14.084
387	3870	3.531	6.233	14.074
388	3880	3.519	6.247	14.048
389	3890	3.605	6.299	14.048
390	3900	3.604	6.344	14.047
391	3910	3.598	6.362	14.032
392	3920	3.538	6.344	14.043
393	3930	3.526	6.350	14.092
394	3940	3.520	6.375	14.017
395	3950	3.600	6.378	14.006
396	3960	3.523	6.423	13.985
397	3970	3.544	6.452	13.959
398	3980	3.510	6.445	13.848
399	3990	3.495	6.465	13.828
400	4000	3.480	6.497	13.817
401	4010	3.477	6.533	13.762
402	4020	3.496	6.562	13.831
403	4030	3.502	6.359	13.805
404	4040	3.475	5.976	14.055
405	4050	3.380	5.653	13.707
406	4060	3.390	5.218	13.990
407	4070	3.366	4.807	13.988
408	4090	3.264	4.372	13.794
409	4100	3.265	4.468	13.785
410	4110	3.348	4.475	13.755
411	4120	3.362	4.489	13.754
412	4130	3.349	4.508	13.729
413	4140	3.360	4.504	13.799
414	4150	3.349	4.507	13.799
415	4160	3.258	4.524	13.811
416	4170	3.261	4.537	13.798
417	4180	3.259	4.534	13.801
418	4190	3.249	4.550	13.808
419	4200	3.409	4.693	14.023
420	4210	3.377	4.629	14.047
421	4220	3.391	4.642	14.031
422	4230	3.382	4.661	14.033
423	4240	3.383	4.649	14.053
424	4250	3.379	4.650	14.038
425	4260	3.374	4.659	14.050
426	4270	3.367	4.670	14.063
427	4280	3.364	4.679	14.057
428	4290	3.372	4.763	14.074
429	4300	3.393	4.752	14.214
430	4310	3.393	4.782	14.045
431	4320	3.392	4.793	14.037
432	4330	3.405	4.813	14.117
433	4340	3.384	4.805	14.023
434	4350	3.379	4.821	14.006
435	4360	3.499	4.955	14.040
436	4370	3.486	4.931	14.005
437	4380	3.498	4.914	14.002
438	4390	3.494	4.948	14.027
439	4400	3.472	4.946	13.964
440	4410	3.481	4.958	13.976
441	4420	3.464	4.963	13.952
442	4430	3.490	5.024	13.981
443	4440	3.472	5.081	13.942
444	4450	3.488	5.115	13.817
445	4460	3.499	5.103	13.957
446	4470	3.499	5.126	13.827
447	4480	3.490	5.131	13.964
448	4490	3.477	5.143	13.812
449	4500	3.393	5.167	13.764
450	4510	3.470	5.234	13.835
451	4520	3.470	5.240	13.811
452	4530	3.492	5.259	13.808
453	4540	3.489	5.272	13.778
454	4550	3.480	5.297	13.783
455	4560	3.398	5.295	13.783
456	4570	3.397	5.309	13.770
457	4580	3.429	5.311	13.895
458	4590	3.400	5.328	13.864
459	4600	3.397	5.408	13.800
460	4610	3.480	5.416	13.806
461	4620	3.398	5.434	13.799
462	4630	3.423	5.446	13.868
463	4640	3.382	5.450	13.834
464	4650	3.374	5.464	13.864
465	4660	3.380	5.454	13.929
466	4670	3.394	5.444	13.945
467	4680	3.384	5.519	13.991
468	4690	3.389	5.541	13.975
469	4700	3.390	5.551	13.999
470	4710	3.389	5.555	13.986
471	4720	3.397	5.578	13.937
472	4730	3.417	5.571	13.989
473	4740	3.416	5.578	13.972
474	4750	3.381	5.581	14.003
475	4760	3.390	5.679	13.795
476	4770	3.388	5.651	14.017
477	4780	3.392	5.665	13.998
478	4790	3.397	5.665	14.009
479	4800	3.393	5.674	14.004
480	4810	3.394	5.679	14.011
481	4820	3.427	5.689	13.979
482	4830	3.412	5.733	13.989
483	4840	3.486	5.763	13.981
484	4850	3.475	5.761	14.009
485	4860	3.477	5.779	13.993
486	4870	3.481	5.781	13.998
487	4880	3.399	5.783	14.011
488	4890	3.484	5.793	14.009
489	4900	3.485	5.849	14.030
490	4910	3.480	5.858	13.995
491	4920	3.402	5.899	13.808
492	4930	3.482	5.895	13.963
493	4940	3.486	5.918	13.777
494	4950	3.487	5.940	13.795
495	4960	3.420	5.943	13.793
496	4970	3.401	5.996	13.776
497	4980	3.476	6.012	13.746
498	4990	3.391	6.016	13.776
